place(0.924, 1.000, -30.511, "Militant", 684)
place(-5.770, 1.000, -31.083, "Militant", 839)
place(-5.428, 1.000, -27.979, "Militant", 309)
place(-5.428, 1.000, -27.979, "Militant", 965)
upgrade(-5.428, 2.350, -27.979, 365)
upgrade(-5.770, 2.350, -31.083, 781)
upgrade(0.924, 2.350, -30.511, 703)
place(1.184, 1.000, -27.249, "Militant", 438)
place(0.750, 1.000, -27.218, "Militant", 1273)
upgrade(0.750, 2.350, -27.218, 947)
place(-5.789, 1.000, -24.675, "Militant", 647)
upgrade(-5.789, 2.350, -24.675, 1212)
place(1.597, 1.000, -24.201, "Militant", 1276)
upgrade(1.597, 2.350, -24.201, 712)
place(-5.329, 1.000, -21.635, "Militant", 1676)
upgrade(-5.329, 2.350, -21.635, 1455)
place(1.828, 1.000, -21.039, "Militant", 1180)
upgrade(1.828, 2.350, -21.039, 590)
place(-5.469, 1.000, -18.578, "Militant", 2423)
upgrade(-5.469, 2.350, -18.578, 1857)
place(1.633, 1.000, -17.857, "Militant", 1716)
upgrade(1.633, 2.350, -17.857, 2501)
place(4.027, 1.000, -30.706, "Militant", 2705)
upgrade(4.027, 2.350, -30.706, 2115)
place(3.896, 1.000, -27.431, "Militant", 1850)
upgrade(3.896, 2.350, -27.431, 1265)
place(-8.754, 1.000, -30.748, "Militant", 1006)
upgrade(-8.754, 2.350, -30.748, 238)
place(-8.527, 1.000, -27.650, "Militant", 2275)
upgrade(-8.527, 2.350, -27.650, 1700)
place(-8.885, 1.000, -24.557, "Militant", 1568)
upgrade(-8.885, 2.350, -24.557, 1000)
place(-8.559, 1.000, -21.560, "Militant", 975)
upgrade(-8.559, 2.350, -21.560, 221)
place(4.683, 1.000, -24.535, "Militant", 2447)
upgrade(4.683, 2.350, -24.535, 1847)
place(5.083, 1.000, -21.264, "Militant", 1580)
upgrade(5.083, 2.350, -21.264, 1015)
upgrade(-5.770, 2.350, -31.083, 1090)
upgrade(-8.754, 2.350, -30.748, 909)
upgrade(-8.527, 2.350, -27.650, 2607)
upgrade(-8.885, 2.350, -24.557, 1782)
upgrade(-8.559, 2.350, -21.560, 1007)
upgrade(-5.469, 2.350, -18.578, 2157)
upgrade(-5.329, 2.350, -21.635, 2481)
upgrade(-5.789, 2.350, -24.675, 1631)
upgrade(-5.428, 2.350, -27.979, 856)
upgrade(0.924, 2.350, -30.511, 921)
upgrade(4.027, 2.350, -30.706, 3186)
upgrade(0.750, 2.350, -27.218, 2746)
upgrade(3.896, 2.350, -27.431, 2145)
upgrade(1.597, 2.350, -24.201, 1371)
upgrade(4.683, 2.350, -24.535, 971)
upgrade(5.083, 2.350, -21.264, 1191)
upgrade(1.828, 2.350, -21.039, 1057)
upgrade(1.633, 2.350, -17.857, 2490)
upgrade(-5.770, 2.350, -31.083, 2826)
upgrade(-5.428, 2.350, -27.979, 5657)
upgrade(-5.789, 2.350, -24.675, 2927)
upgrade(-5.469, 2.350, -18.578, 4995)
upgrade(0.924, 2.350, -30.511, 3247)
upgrade(0.750, 2.350, -27.218, 2791)
upgrade(1.597, 2.350, -24.201, 3931)
upgrade(1.828, 2.350, -21.039, 2936)
place(-8.556, 1.000, -18.539, "Militant", 4226)
upgrade(-8.556, 2.350, -18.539, 6505)
upgrade(-8.556, 2.350, -18.539, 6205)
upgrade(-8.556, 2.350, -18.539, 5227)
upgrade(-8.559, 2.350, -21.560, 3241)
upgrade(-8.527, 2.350, -27.650, 3287)
sell(-8.885, 2.350, -24.557)
place(-9.007, 1.000, -24.619, "Militant", 16480)
upgrade(-9.007, 2.350, -24.619, 17880)
upgrade(-9.007, 2.350, -24.619, 19580)
upgrade(-9.007, 2.350, -24.619, 20730)
upgrade(1.633, 2.350, -17.857, 19980)
upgrade(5.083, 2.350, -21.264, 19230)
upgrade(4.683, 2.350, -24.535, 17140)
upgrade(3.896, 2.350, -27.431, 19730)
upgrade(4.027, 2.350, -30.706, 18980)
upgrade(0.750, 2.350, -27.218, 20230)
upgrade(1.597, 2.350, -24.201, 9547)
