place(-7.962, 0.973, -31.807, "Pyromancer", 1140)
place(-12.392, 1.319, 37.078, "Farm", 678)
upgrade(-12.392, 2.244, 37.078, 378)
place(-11.175, 1.427, 33.570, "Farm", 366)
upgrade(-11.175, 2.352, 33.570, 505)
place(-11.094, 1.499, 29.893, "Farm", 305)
upgrade(-11.094, 2.424, 29.893, 321)
place(-11.175, 1.552, 26.323, "Farm", 654)
upgrade(-11.175, 2.477, 26.323, 368)
place(-14.711, 1.572, 27.510, "Farm", 610)
upgrade(-14.711, 2.497, 27.510, 324)
upgrade(-7.962, 2.323, -31.807, 1167)
upgrade(-7.962, 2.323, -31.807, 1481)
upgrade(-12.392, 2.244, 37.078, 1195)
upgrade(-11.175, 2.352, 33.570, 625)
upgrade(-11.094, 2.424, 29.893, 729)
upgrade(-11.175, 2.477, 26.323, 846)
upgrade(-14.711, 2.497, 27.510, 1192)
upgrade(-11.175, 2.477, 26.323, 1831)
upgrade(-11.094, 2.424, 29.893, 1523)
place(10.846, 0.489, -13.613, "Shotgunner", 1978)
upgrade(10.846, 1.839, -13.613, 1490)
upgrade(-11.175, 2.352, 33.570, 2514)
upgrade(-12.392, 2.244, 37.078, 2147)
upgrade(-14.711, 2.497, 27.510, 3152)
upgrade(10.846, 1.839, -13.613, 1932)
place(9.794, 0.522, -15.375, "Shotgunner", 4315)
upgrade(9.794, 1.872, -15.375, 2878)
upgrade(9.794, 1.872, -15.375, 2201)
place(8.600, 0.535, -17.181, "Shotgunner", 1793)
upgrade(8.600, 1.885, -17.181, 2858)
upgrade(8.600, 1.885, -17.181, 2139)
upgrade(-7.962, 2.323, -31.807, 4298)
upgrade(-7.962, 2.323, -31.807, 5529)
place(9.056, 0.468, -12.519, "Shotgunner", 2654)
upgrade(9.056, 1.818, -12.519, 2318)
upgrade(9.056, 1.818, -12.519, 1568)
place(7.971, 0.535, -14.430, "Shotgunner", 2568)
upgrade(7.971, 1.885, -14.430, 911)
upgrade(7.971, 1.885, -14.430, 2267)
place(6.812, 0.560, -16.111, "Shotgunner", 3267)
upgrade(6.812, 1.910, -16.111, 1767)
upgrade(6.812, 1.910, -16.111, 1924)
place(7.060, 0.450, -12.255, "Shotgunner", 3881)
upgrade(7.060, 1.800, -12.255, 2688)
upgrade(7.060, 1.800, -12.255, 849)
place(5.950, 0.504, -13.980, "Shotgunner", 1488)
place(5.950, 0.504, -13.980, "Shotgunner", 2807)
upgrade(5.950, 1.854, -13.980, 1307)
upgrade(5.950, 1.854, -13.980, 3057)
place(4.689, 0.601, -15.649, "Shotgunner", 1557)
upgrade(4.689, 1.951, -15.649, 1578)
upgrade(4.689, 1.951, -15.649, 3561)
place(1.801, 1.442, 31.752, "Pyromancer", 2868)
upgrade(1.801, 2.792, 31.752, 2311)
upgrade(1.801, 2.792, 31.752, 2056)
upgrade(1.801, 2.792, 31.752, 2809)
upgrade(8.600, 1.885, -17.181, 4634)
upgrade(6.812, 1.910, -16.111, 8230)
upgrade(9.794, 1.872, -15.375, 6740)
upgrade(10.846, 1.839, -13.613, 6917)
upgrade(7.971, 1.885, -14.430, 3369)
upgrade(9.056, 1.818, -12.519, 8161)

